7  10  15  33  33
9  11  16  27  34 
12  19  20  24  32 
3   5  18  23  29 
6  13  14  36  38 
1  25  30  31  39 
2   8  17  26  35 
15  21  22  28  37 
10  13  16  20  30 
16  22  31  33  38 
7  13  24  27  37 
14  19  23  30  34 
5   6  12  17  31 
1  10  11  32  35 
2  32  33  36  37 
11  13  18  22  39 
4   8   9  20  25 
10  12  23  25  36 
6   7  20  26  39 
6  28  29  30  32 
1   2   3   7  38 
1   4  18  26  36 
3  19  21  27  39 
4   5  32  34  39 
3  12  13  15  34 
7   9  18  21  30 
5  15  24  30  35 
14  18  24  25  28 
9  23  28  38  39 
3   8  10  22  24 
1   5  16  19  37 
11  17  19  25  29 
2  11  15  20  31 
9  12  22  29  35 
16  17  24  36  39 
3   4   6  16  35 
7   8  11  12  28 
10  14  26  27  31 
